lastAccountName: Saphels
timestamps:
  login: 1466520811186
  logout: 1466520899601
ipAddress: 127.0.0.1
lastlocation:
  world: Moonglare
  x: 260.5
  y: 65.0
  z: 259.5
  yaw: 0.0
  pitch: 0.0
logoutlocation:
  world: Moonglare
  x: 270.77895585028
  y: 64.0
  z: 286.72759174981684
  yaw: -72.90001
  pitch: -8.100001
socialspy: false
