lastAccountName: Saphels
timestamps:
  login: 1468350038646
  logout: 1468350233627
ipAddress: 127.0.0.1
lastlocation:
  world: Moonglare
  x: 260.5
  y: 65.0
  z: 259.5
  yaw: 0.0
  pitch: 0.0
logoutlocation:
  world: Moonglare
  x: 263.39271449423086
  y: 79.88220109418093
  z: 309.97811676908265
  yaw: -138.45003
  pitch: 13.800015
socialspy: false
