lastAccountName: Saphels
timestamps:
  login: 1466448059621
  logout: 1466448243318
ipAddress: 127.0.0.1
lastlocation:
  world: Moonglare
  x: 123.5
  y: 44.0
  z: 125.5
  yaw: 0.0
  pitch: 0.0
logoutlocation:
  world: Moonglare
  x: 112.49154077036525
  y: 71.0
  z: 129.90622148250694
  yaw: 263.40002
  pitch: 18.599989
